0000    84
0010    83
0001    8469778049
0000    8469778049
0100    86
0001    8469778050
0000    89
0101    88
0001    8469778049
0000    8469778049
0011    90
0001    8469778050
0000    87
0011    88
0001    8469778049
0000    8469778049
0100    89
0001    8469778050
0000    90
0101    8469778050
0001    8469778051
0000    67
0100    65
0001    8469778049
0000    66
0011    8469778049
0001    8469778050
0000    89
0010    90
0001    8469778049
0000    8469778049
0101    88
0001    8469778050
0000    8469778050
0011    69
0001    8469778051
0000    77
0101    65
0001    8469778049
0000    8469778049
0101    67
0001    8469778050
0000    65
0010    66
0001    8469778049
0000    8469778049
0100    67
0001    8469778050
0000    8469778050
0010    85
0001    8469778051
0000    86
0100    87
0001    8469778052
0000    8469778051
0011    8469778052
0001    8469778053
